-9.700 32.100
-9.200 30.600
-8.700 29.100
-8.200 27.600
-7.700 26.100
-7.200 24.600
-6.700 23.100
-6.200 21.600
-5.700 20.100
-5.200 18.600
-4.700 17.100
-4.200 15.600
-3.700 14.100
-3.200 12.600
-2.700 11.100
-2.200 9.600
-1.700 8.100
-1.200 6.600
-0.700 5.100
-0.200 3.600
0.300 2.100
0.800 0.600
1.300 -0.900
1.800 -2.400
2.300 -3.900
2.800 -5.400
3.300 -6.900
3.800 -8.400
4.300 -9.900
4.800 -11.400
5.300 -12.900
5.800 -14.400
6.300 -15.900
6.800 -17.400
7.300 -18.900
7.800 -20.400
8.300 -21.900
8.800 -23.400
9.300 -24.900
