-9.700 -16.400
-9.200 -15.400
-8.700 -14.400
-8.200 -13.400
-7.700 -12.400
-7.200 -11.400
-6.700 -10.400
-6.200 -9.400
-5.700 -8.400
-5.200 -7.400
-4.700 -6.400
-4.200 -5.400
-3.700 -4.400
-3.200 -3.400
-2.700 -2.400
-2.200 -1.400
-1.700 -0.400
-1.200 0.600
-0.700 1.600
-0.200 2.600
0.300 3.600
0.800 4.600
1.300 5.600
1.800 6.600
2.300 7.600
2.800 8.600
3.300 9.600
3.800 10.600
4.300 11.600
4.800 12.600
5.300 13.600
5.800 14.600
6.300 15.600
6.800 16.600
7.300 17.600
7.800 18.600
8.300 19.600
8.800 20.600
9.300 21.600
